25 23 28 24 27 25 24 20 28 27 23 23 27 25 25 23 25 25 22 27 22 27 28 21 27 23 22 24 24 23 25 28 26 23 22 23 21 23 23 23 24 27 25 23 26 24 23 23 27 29 24 25 23 26 23 23 25 24 25 25 25 22 23 26 25 21 27 26 25 22 27 24 24 25 24 22 29 22 22 25 25 22 25 30 26 22 26 25 25 25 24 22 23 22 26 22 27 24 20 30 
32 31 28 32 34 31 26 27 30 26 27 29 27 26 27 28 33 30 28 30 29 30 29 28 27 29 28 26 30 28 27 31 25 26 28 29 27 25 28 29 29 28 26 32 30 27 36 27 30 26 27 32 28 29 26 26 27 30 28 28 28 30 28 29 26 28 32 27 29 25 35 28 26 27 28 28 30 33 25 31 37 30 28 28 28 27 27 30 28 32 26 30 28 30 26 28 27 26 29 25 
31 30 30 33 31 29 30 30 30 35 31 31 35 38 31 31 34 34 34 30 34 29 31 28 34 31 34 33 29 31 34 31 34 33 30 38 31 31 32 31 33 29 32 32 29 32 33 31 31 34 33 31 34 32 31 31 35 29 35 30 30 32 31 33 35 31 31 30 33 30 32 32 29 32 29 31 30 32 31 33 30 33 29 34 32 35 36 35 37 33 32 34 38 33 30 28 35 34 32 38 
39 37 37 37 34 34 38 36 34 35 37 33 37 38 33 36 34 32 36 38 34 37 34 37 34 38 34 34 37 42 40 36 36 35 37 36 35 35 35 37 35 34 37 34 38 41 37 34 40 35 37 35 35 37 35 36 40 36 38 35 34 37 38 37 35 32 39 40 34 36 38 37 36 38 37 37 36 36 34 38 32 40 33 34 36 37 35 36 37 37 36 35 37 37 40 38 37 39 40 37 
42 41 43 38 42 36 36 39 39 45 37 42 41 39 42 37 41 37 42 44 42 42 44 36 42 38 40 41 39 43 42 41 44 46 41 40 49 37 43 41 37 37 41 39 43 38 39 41 37 40 38 39 40 37 41 39 43 40 38 39 42 40 41 41 41 43 45 48 44 43 40 37 36 39 41 45 40 40 52 36 39 39 44 40 39 37 39 39 40 39 39 39 37 38 40 42 46 44 39 40 
48 43 45 43 45 44 43 44 51 51 47 42 47 46 45 48 49 47 46 44 45 41 45 48 44 44 45 44 44 51 44 46 44 47 52 45 44 47 43 43 42 48 42 42 43 47 43 47 46 43 46 46 42 52 45 45 44 44 44 43 44 44 46 46 44 42 44 40 50 41 41 48 43 38 43 40 49 42 43 45 41 46 43 44 44 49 45 45 45 45 47 42 41 45 44 41 45 43 43 44 
50 45 50 50 48 50 49 52 47 50 45 47 46 47 52 47 51 45 46 46 51 47 47 44 51 53 52 48 49 47 48 44 50 51 49 45 49 45 49 43 48 46 47 49 47 45 48 50 50 46 47 48 49 49 51 50 51 48 48 49 50 45 51 51 49 48 46 59 51 49 63 49 45 46 47 49 43 53 47 54 44 52 53 43 50 46 47 48 52 52 49 47 46 45 47 49 51 54 44 48 
50 54 53 44 53 50 53 51 53 50 49 53 56 56 51 56 58 51 52 55 48 52 55 47 51 52 53 49 49 52 53 52 48 53 49 56 49 49 53 56 48 55 50 52 55 50 50 52 50 54 55 53 47 52 52 54 50 50 51 52 52 52 53 53 50 50 49 49 52 54 49 50 49 55 55 49 52 54 52 49 56 52 52 55 55 49 56 51 51 49 51 54 56 56 52 50 50 51 58 51 
54 59 59 54 53 58 59 53 56 51 54 55 53 58 54 63 55 55 61 57 56 59 53 58 58 54 57 56 53 61 55 55 54 59 57 56 58 55 59 57 58 55 59 55 52 55 54 52 56 58 56 57 52 60 54 53 57 54 54 57 58 61 58 53 55 59 55 52 52 61 55 56 58 54 61 57 54 57 54 56 51 53 55 59 53 55 58 57 54 56 54 56 55 59 56 60 55 53 55 54 
56 65 56 63 58 60 69 62 63 60 61 58 57 63 54 59 67 59 65 64 60 64 60 55 61 56 62 56 59 61 60 60 53 57 61 56 60 60 60 58 58 60 58 59 61 54 62 57 57 54 60 63 62 59 59 58 57 57 58 59 71 56 60 61 60 57 55 57 57 63 59 62 62 59 56 59 61 53 55 55 62 61 58 61 59 58 55 55 58 63 59 65 61 55 62 61 64 56 57 64 
66 63 66 64 69 69 64 62 61 67 62 61 63 63 63 62 62 66 62 64 67 59 67 62 61 67 60 60 59 64 63 70 63 63 66 64 63 60 62 63 59 62 64 63 63 61 61 58 63 66 55 66 68 63 69 65 65 63 58 67 62 61 64 67 60 62 63 60 64 61 58 62 64 63 64 62 60 63 61 63 68 59 66 59 63 60 64 72 64 62 59 65 59 63 62 66 64 62 61 59 
66 65 65 63 66 64 69 71 67 72 69 65 70 68 70 70 76 67 66 66 65 68 64 65 63 68 62 64 61 67 69 68 65 71 72 66 67 68 73 63 68 65 68 65 72 66 72 72 69 68 71 76 74 69 66 67 74 67 72 63 67 65 63 69 64 72 73 68 64 68 65 66 68 64 72 66 65 72 71 64 62 66 67 70 66 61 67 64 76 68 65 70 68 69 62 68 67 62 63 68 
73 73 67 76 71 73 67 70 70 74 70 75 69 73 65 71 72 69 72 65 73 72 69 66 67 75 69 67 67 70 75 70 71 69 72 69 72 68 72 71 75 75 70 71 71 70 84 70 73 70 68 67 68 73 69 69 73 76 71 70 68 71 70 68 68 74 69 70 81 76 72 79 72 73 72 69 74 71 73 70 68 73 66 66 73 65 69 68 70 69 70 69 72 74 72 67 71 67 78 75 
75 85 73 78 76 72 74 71 80 71 77 73 74 70 74 72 71 75 71 78 71 75 78 73 75 73 75 75 75 76 77 76 75 70 70 75 76 74 72 73 73 77 75 77 72 75 70 69 79 70 78 76 73 80 71 73 70 79 71 74 75 74 74 72 76 78 79 69 74 72 72 73 71 72 71 71 75 75 78 69 75 76 73 74 72 73 73 75 72 76 75 76 74 76 76 76 73 76 73 80 
76 76 88 83 77 81 80 73 78 76 73 78 78 78 74 77 82 86 77 79 72 79 75 86 82 78 77 77 73 78 76 78 90 81 83 81 78 81 75 78 72 74 79 79 81 75 77 77 78 76 75 76 81 77 78 82 73 84 92 81 74 73 79 77 78 78 88 76 79 82 77 80 80 75 79 81 74 75 88 73 77 79 78 83 83 75 77 81 79 77 73 77 79 81 79 78 78 85 81 82 
79 78 78 80 83 78 81 82 83 87 84 82 85 83 77 78 83 84 81 82 82 88 83 78 79 88 85 76 78 77 83 84 84 84 85 84 83 84 82 87 82 84 81 87 81 81 77 83 83 80 80 81 81 80 77 78 87 76 83 84 90 77 80 82 91 90 82 84 84 84 80 80 80 85 81 79 80 82 82 82 79 82 85 79 82 84 80 79 81 87 82 82 77 85 83 86 84 83 82 80 
89 81 89 94 86 86 88 84 89 85 91 91 87 87 80 81 81 90 89 91 86 86 92 83 90 84 83 81 89 88 89 87 81 88 85 85 96 86 85 80 92 82 89 87 81 82 89 95 83 85 94 88 96 91 89 83 81 79 86 86 80 88 85 84 89 83 88 84 81 91 88 88 88 92 83 83 89 84 83 86 86 85 81 88 81 87 84 88 81 89 85 82 87 87 87 86 82 82 84 89 
89 92 88 88 91 93 88 91 92 85 89 86 88 96 85 89 97 88 91 89 94 95 91 88 85 92 87 90 88 87 88 96 92 92 89 85 90 90 94 86 90 90 96 93 89 96 86 92 85 92 87 92 85 87 84 88 96 103 89 90 92 90 87 93 87 87 87 89 85 89 90 88 92 88 89 88 90 86 86 92 103 85 95 90 85 88 95 95 94 92 92 88 97 94 90 87 88 84 87 90 
95 92 92 88 96 89 92 91 91 95 88 94 91 85 90 93 90 88 97 93 91 88 93 92 95 92 94 95 91 93 92 101 94 92 97 90 89 91 89 90 95 96 91 99 93 99 92 93 88 94 92 90 98 99 92 96 87 94 101 88 100 92 91 95 94 91 94 93 93 92 89 92 96 97 91 93 98 94 87 95 94 94 98 96 96 90 85 97 104 90 95 91 98 98 90 100 94 90 94 87 
95 102 98 94 97 98 105 99 104 90 91 90 106 94 94 99 100 95 104 94 97 97 95 95 99 95 91 98 91 102 92 96 99 98 101 95 101 96 98 96 99 91 99 104 99 97 97 94 100 95 94 92 98 93 107 96 101 98 100 98 93 94 100 101 96 101 94 96 92 102 98 100 98 94 94 94 102 94 95 93 97 98 92 102 96 104 98 100 94 100 90 99 96 90 91 94 96 98 98 99 
