36 31 35 36 35 34 33 30 34 32 32 35 36 34 32 34 29 31 32 36 34 32 33 31 31 32 32 31 31 35 32 34 36 34 31 35 37 35 33 33 35 36 36 32 33 32 33 33 32 29 34 36 33 34 35 38 33 35 32 32 32 33 35 30 34 33 33 33 31 36 34 33 31 35 30 36 35 35 33 31 36 34 33 31 32 30 35 34 34 35 35 29 35 30 35 34 35 33 33 31 
35 36 41 39 35 38 37 43 40 41 39 40 35 43 39 41 43 38 38 36 38 43 37 42 39 38 38 38 40 40 40 41 40 40 37 40 39 43 41 36 39 42 38 39 41 42 35 39 43 43 38 37 47 39 42 35 40 39 37 42 46 39 40 39 39 38 39 39 42 42 44 41 39 40 37 38 39 39 37 39 39 40 38 37 41 43 43 39 40 38 39 37 39 39 42 38 38 38 36 39 
43 48 44 46 49 47 50 42 46 45 41 44 43 50 44 45 46 48 43 46 49 44 43 43 43 44 50 42 45 43 47 44 47 41 40 48 45 42 43 42 44 43 42 43 44 45 48 45 54 44 46 48 46 45 45 47 44 43 45 44 43 40 45 44 44 43 40 47 43 43 44 44 45 43 42 49 44 46 40 43 46 46 43 46 42 44 45 42 46 47 48 42 47 42 48 42 44 49 48 47 
52 48 51 50 53 47 47 53 50 47 47 56 48 53 51 50 49 54 53 55 44 51 46 56 47 48 49 46 47 51 47 55 56 48 49 50 52 50 51 50 46 53 49 50 52 53 54 47 48 49 47 48 49 53 50 55 49 51 49 54 51 50 51 53 51 48 55 51 50 49 48 49 49 48 54 46 52 51 51 50 50 47 47 53 51 51 52 52 49 51 45 52 48 51 49 57 53 51 51 51 
53 56 55 59 55 59 61 58 56 56 59 53 59 65 54 65 54 50 53 67 56 58 53 57 57 57 55 55 56 56 54 57 54 54 54 56 53 55 61 55 60 53 57 56 67 59 54 55 56 58 57 55 58 56 53 58 62 55 56 59 54 58 52 58 56 59 54 54 58 58 54 57 55 61 57 57 58 57 52 58 54 54 53 61 60 55 53 59 60 60 55 66 59 53 53 54 58 57 53 53 
62 56 60 59 61 61 62 57 61 67 62 60 63 59 68 57 61 60 62 65 59 66 62 60 63 64 59 57 61 64 57 55 62 58 61 65 61 64 61 60 62 63 61 63 62 60 62 68 55 59 57 65 63 59 66 68 60 61 60 70 61 58 66 61 60 59 67 65 63 59 66 66 66 61 62 63 62 60 67 63 61 62 66 59 61 65 61 61 65 65 64 63 61 60 69 69 62 60 61 62 
64 70 68 69 66 72 75 71 69 66 68 75 67 64 71 67 70 67 70 69 67 66 65 66 79 78 77 68 70 69 66 64 64 68 66 72 65 65 64 65 68 71 70 69 68 67 62 66 72 71 71 73 68 65 67 67 64 65 68 69 64 66 67 74 76 67 65 66 67 69 71 73 71 70 71 67 64 71 67 68 65 66 68 67 75 65 64 74 72 75 65 75 69 66 69 66 71 66 66 76 
77 71 70 82 74 77 75 77 74 68 72 70 76 69 75 72 74 68 72 75 74 73 79 70 75 70 76 74 70 73 73 72 74 72 77 74 76 69 74 74 71 77 70 71 70 72 68 73 69 74 69 71 78 76 72 77 78 71 70 69 74 71 74 72 75 76 69 72 72 70 73 79 76 72 71 72 74 86 73 72 70 70 79 71 70 68 72 69 75 69 71 73 69 71 76 71 76 71 73 72 
76 83 83 84 83 75 86 83 80 80 82 76 80 79 78 86 82 83 75 76 77 81 81 85 79 74 79 78 79 79 78 79 79 82 75 77 76 76 76 76 80 78 76 71 79 85 78 77 77 76 83 83 84 82 82 78 77 76 82 74 75 77 80 78 77 77 80 81 75 78 80 76 80 82 78 79 84 84 82 85 81 78 83 77 82 77 75 83 79 78 78 78 77 76 75 80 75 81 80 80 
82 80 84 82 82 79 81 92 86 86 84 85 94 83 84 84 80 83 82 83 88 86 83 84 87 86 86 90 83 81 86 81 82 86 80 82 87 80 82 84 87 86 85 88 84 88 84 83 85 81 82 83 81 87 85 87 85 84 89 83 88 84 84 83 83 83 86 84 82 87 84 79 81 88 88 87 85 87 89 81 88 83 86 86 82 83 86 87 82 89 82 87 80 81 81 84 89 83 83 83 
87 102 90 94 90 90 89 85 85 90 86 90 89 87 89 90 95 92 90 88 91 86 96 91 86 91 87 87 94 94 96 93 93 89 93 87 91 86 90 89 92 90 88 89 87 88 89 87 91 93 91 92 87 90 87 93 87 86 91 87 85 91 87 90 89 89 90 89 94 89 88 85 85 89 87 89 95 86 92 83 86 84 94 88 91 88 91 88 88 90 87 90 97 89 84 87 89 86 87 87 
94 95 94 91 93 91 96 97 98 91 98 95 89 96 94 93 97 95 104 97 98 93 95 97 98 98 95 94 99 90 98 92 97 99 92 98 93 95 93 94 94 95 95 97 91 93 98 94 97 100 97 93 95 94 90 96 99 92 96 101 94 94 101 100 95 99 91 97 100 94 100 94 98 106 87 100 92 97 94 97 91 101 97 90 101 91 95 93 93 99 99 91 90 95 95 97 94 102 102 99 
100 99 106 96 103 103 97 98 96 98 102 107 100 102 101 98 97 101 98 108 100 99 103 98 103 98 101 101 99 99 99 103 98 100 95 98 96 106 98 101 102 100 107 101 102 100 101 99 106 98 94 110 95 95 98 95 103 100 103 97 104 101 102 105 100 100 94 99 107 100 101 96 100 101 99 100 98 102 103 95 100 99 109 94 100 102 104 99 105 104 99 102 99 98 98 99 106 100 97 99 
104 113 111 112 101 111 108 109 103 103 106 99 102 103 105 109 105 112 103 110 109 107 102 110 103 108 109 104 102 105 101 104 111 104 103 111 104 110 111 111 106 105 103 113 105 114 106 107 106 108 103 105 112 100 111 100 103 111 105 106 108 106 104 107 102 111 105 101 106 107 108 104 106 108 102 101 107 106 102 108 99 106 114 105 103 109 115 107 101 103 105 106 110 106 105 110 105 103 102 103 
112 111 105 110 109 120 117 114 112 107 111 111 111 114 115 115 109 110 112 116 117 110 108 115 114 109 113 111 110 107 116 111 105 108 106 115 110 114 111 109 113 110 118 118 109 107 118 106 120 106 113 118 114 107 111 112 109 114 112 110 114 113 111 120 104 116 108 110 114 114 109 107 120 113 115 107 110 116 105 105 108 111 108 111 111 103 108 109 110 118 111 108 108 108 105 111 116 115 109 107 
111 115 123 119 118 116 108 117 111 112 117 121 120 114 115 111 116 117 117 119 118 115 115 119 112 114 107 122 115 116 115 115 115 119 113 115 119 122 112 115 123 117 118 118 114 121 119 118 111 123 113 123 111 111 120 112 118 117 124 115 115 114 121 117 125 112 114 116 119 120 109 118 117 124 118 107 113 118 109 117 113 112 118 116 112 114 116 121 117 120 119 113 117 110 113 115 116 121 114 113 
121 124 119 128 116 121 124 131 120 120 118 120 119 122 123 120 120 119 120 119 127 119 118 118 117 119 129 125 124 118 116 122 116 117 123 126 120 122 119 119 118 117 124 121 114 122 118 120 124 120 124 121 124 123 124 118 125 122 123 127 123 125 121 128 118 126 122 116 124 121 119 124 131 127 120 124 125 120 120 127 123 122 127 120 121 119 119 121 122 124 124 126 124 121 119 121 123 119 127 116 
131 127 128 131 126 127 129 131 125 129 126 136 134 125 128 130 128 131 129 131 127 122 123 128 126 131 130 129 128 127 122 128 125 131 118 129 128 129 133 124 127 125 132 123 128 131 129 123 129 128 126 123 133 130 121 127 129 128 121 135 125 129 126 135 123 129 130 128 123 125 137 128 127 128 125 123 137 124 122 130 123 132 129 129 128 125 130 128 127 123 125 125 124 133 130 133 128 123 136 130 
137 133 131 129 129 134 126 129 125 132 135 132 126 134 130 131 127 126 130 134 129 133 143 136 135 127 132 127 132 129 135 129 134 130 133 136 134 128 131 143 134 136 141 131 132 133 133 137 129 129 138 131 136 128 130 132 130 136 137 129 130 131 127 141 132 137 138 128 132 127 130 131 132 131 126 133 134 136 131 133 135 137 146 131 131 135 124 126 134 129 132 136 131 130 129 130 128 126 133 134 
136 137 135 139 128 140 135 130 145 140 139 144 135 146 141 137 130 147 145 141 146 130 148 143 138 137 138 148 139 130 131 140 140 137 139 132 132 133 134 137 136 133 139 138 143 142 137 139 151 142 133 138 136 136 137 139 140 133 137 136 141 142 145 138 145 137 138 133 138 131 135 136 147 146 134 142 144 135 142 137 135 134 139 134 135 139 135 147 137 137 132 139 141 133 134 140 139 142 136 136 
149 142 147 139 137 152 141 140 140 145 145 143 144 146 146 137 140 141 148 146 146 137 148 140 139 136 134 147 148 135 149 139 145 143 141 145 139 140 143 143 144 149 138 142 145 145 143 144 141 140 145 143 149 148 146 144 156 145 147 136 149 134 144 143 140 136 149 144 144 147 149 142 142 149 148 140 142 145 143 145 144 144 146 146 140 140 134 140 158 139 143 141 147 142 143 136 144 140 143 146 
149 148 152 155 151 156 148 147 144 152 144 150 154 155 147 146 150 143 144 147 146 152 148 143 148 145 145 158 147 153 160 149 143 146 146 150 147 153 150 152 147 151 151 144 146 147 149 150 141 145 149 149 144 139 152 153 148 144 153 150 146 153 149 154 145 148 152 142 151 150 145 152 152 154 150 152 154 148 152 153 154 151 145 150 145 150 149 149 145 143 153 146 155 147 139 150 150 149 152 144 
163 157 161 152 151 154 162 158 154 153 152 152 163 151 157 162 150 151 159 149 146 161 155 151 151 150 157 157 152 153 155 148 151 153 151 150 152 163 149 149 152 156 151 146 149 152 156 154 156 149 155 147 157 160 150 157 153 152 147 156 155 151 150 151 157 153 157 149 155 161 150 156 152 153 153 171 149 150 147 151 148 155 153 153 149 155 151 160 145 152 159 160 157 156 152 160 151 153 149 152 
156 165 155 163 157 153 161 159 163 163 161 153 153 158 159 154 163 157 161 153 155 153 154 162 161 163 158 165 160 150 156 152 163 157 159 161 152 161 162 151 151 157 154 154 158 158 155 160 153 159 162 158 162 161 152 160 160 157 169 158 164 152 154 170 157 160 153 158 156 158 167 156 160 155 161 156 154 165 158 158 162 158 156 156 155 160 154 155 164 160 160 157 167 154 167 160 165 156 161 156 
171 168 163 166 167 166 169 158 173 163 162 167 161 164 161 163 161 162 162 164 166 169 156 177 169 166 162 168 167 166 164 150 168 162 161 164 166 164 164 172 162 174 172 167 165 162 163 167 163 164 173 163 163 167 167 162 161 163 169 166 156 163 167 167 173 166 164 161 163 161 158 163 164 164 167 157 157 158 168 171 164 163 165 168 170 155 159 161 163 163 169 156 163 166 169 163 164 163 158 163 
165 178 172 166 168 165 168 170 169 173 167 171 164 172 172 167 166 176 164 168 172 169 174 180 178 163 173 171 165 165 170 165 169 174 168 167 167 168 170 168 163 177 170 175 173 171 173 163 169 168 178 176 168 178 167 175 173 165 174 170 180 171 169 166 164 171 167 174 174 182 175 171 176 174 167 169 172 169 168 171 164 171 173 168 166 161 169 174 164 174 172 173 165 164 169 163 172 167 164 170 
172 170 173 173 179 168 174 175 175 178 172 175 168 179 178 173 179 166 173 176 176 178 181 171 176 175 179 174 171 170 172 172 171 173 177 176 174 173 167 170 169 181 178 172 171 182 176 178 176 174 180 174 178 169 177 184 196 178 175 166 171 170 186 176 175 183 173 172 173 176 171 174 171 172 178 176 175 172 185 174 174 180 173 170 176 171 180 176 171 169 167 179 171 166 184 172 187 173 169 180 
178 176 178 182 176 184 173 172 185 189 180 187 181 175 189 178 172 179 177 172 182 174 180 173 172 178 175 183 176 181 180 180 181 174 183 170 172 184 176 177 185 179 176 177 177 180 181 182 183 175 183 191 178 176 184 174 181 191 183 178 181 178 176 179 184 175 180 175 178 182 181 179 178 182 177 175 179 181 188 179 178 176 182 178 181 174 185 177 176 188 182 184 188 174 181 179 183 182 174 186 
187 185 187 183 183 186 190 183 191 190 181 185 185 180 177 183 179 183 188 186 186 193 185 182 191 188 193 196 192 188 186 182 175 186 182 188 181 185 177 185 177 187 190 184 184 185 187 193 190 184 178 186 188 189 187 187 180 185 184 194 177 190 184 186 188 183 187 192 196 183 193 177 189 182 180 179 185 187 182 182 183 184 181 189 189 178 192 188 180 183 186 186 183 183 182 185 186 180 180 180 
